filename,predicted_class,class_0_prob,class_1_prob,class_2_prob
chair_001_01.obj,0,0.9985,0.0005,0.001
chair_001_02.obj,0,1.0,0.0,0.0
chair_001_03.obj,0,0.9535,0.0191,0.0274
chair_001_04.obj,0,0.9996,0.0003,0.0
chair_001_05.obj,0,1.0,0.0,0.0
chair_001_06.obj,0,0.9844,0.0143,0.0013
chair_001_07.obj,0,0.6067,0.3588,0.0345
chair_001_08.obj,0,0.8587,0.0709,0.0703
chair_001_09.obj,0,0.9767,0.0203,0.003
chair_001_10.obj,0,1.0,0.0,0.0
chair_001_11.obj,0,0.9998,0.0001,0.0001
chair_001_12.obj,0,0.9995,0.0003,0.0001
chair_001_13.obj,0,0.9987,0.001,0.0003
chair_001_14.obj,0,0.9949,0.0041,0.001
chair_001_15.obj,0,0.962,0.0354,0.0026
chair_001_16.obj,0,0.7849,0.1984,0.0167
chair_001_17.obj,0,0.8718,0.1279,0.0002
chair_001_18.obj,0,0.9804,0.0185,0.0012
chair_001_19.obj,0,0.9944,0.0051,0.0004
chair_001_20.obj,0,0.983,0.0162,0.0008
chair_001_21.obj,0,0.9149,0.0835,0.0017
chair_001_22.obj,0,0.8355,0.1616,0.0029
chair_001_23.obj,0,0.8045,0.189,0.0065
chair_001_24.obj,0,1.0,0.0,0.0
chair_001_25.obj,0,1.0,0.0,0.0
chair_001_26.obj,0,0.6765,0.2823,0.0412
chair_001_27.obj,0,0.9326,0.0672,0.0001
chair_002_01.obj,0,0.9947,0.003,0.0023
chair_002_02.obj,0,0.9973,0.0015,0.0011
chair_002_03.obj,0,0.9977,0.0014,0.001
chair_002_04.obj,0,0.9971,0.0017,0.0012
chair_002_05.obj,0,0.997,0.0017,0.0013
chair_002_06.obj,0,0.9957,0.0024,0.0018
chair_002_07.obj,0,0.9961,0.0023,0.0017
chair_002_08.obj,0,0.9953,0.0027,0.002
chair_002_09.obj,0,0.9958,0.0024,0.0018
chair_002_10.obj,0,0.9961,0.0023,0.0017
chair_011_01.obj,1,0.0983,0.8942,0.0076
chair_011_02.obj,1,0.1355,0.6529,0.2116
chair_011_03.obj,1,0.1736,0.821,0.0054
chair_011_04.obj,1,0.1428,0.8331,0.0241
chair_011_05.obj,1,0.0906,0.9014,0.008
chair_011_06.obj,0,0.9862,0.0039,0.01
chair_011_07.obj,0,0.9003,0.0108,0.0889
chair_011_08.obj,0,0.7189,0.2571,0.024
chair_011_09.obj,0,0.7003,0.1769,0.1228
chair_011_10.obj,1,0.4794,0.5113,0.0093
chair_011_11.obj,1,0.0609,0.8762,0.0628
chair_015_01.obj,0,0.9979,0.002,0.0001
chair_015_02.obj,0,0.9784,0.0202,0.0015
chair_015_03.obj,0,1.0,0.0,0.0
chair_015_04.obj,1,0.3573,0.6418,0.0008
chair_015_05.obj,0,0.987,0.0105,0.0025
chair_015_06.obj,0,0.8841,0.1147,0.0011
chair_015_07.obj,0,1.0,0.0,0.0
chair_015_08.obj,0,0.9964,0.0023,0.0013
chair_015_09.obj,0,1.0,0.0,0.0
chair_015_10.obj,0,1.0,0.0,0.0
chair_018_01.obj,1,0.1372,0.5719,0.291
chair_018_02.obj,0,1.0,0.0,0.0
chair_018_03.obj,0,0.9921,0.0002,0.0077
chair_018_04.obj,0,1.0,0.0,0.0
chair_018_05.obj,0,0.9987,0.0,0.0013
chair_018_06.obj,0,0.995,0.0005,0.0045
chair_018_07.obj,0,0.9238,0.0659,0.0103
chair_018_08.obj,0,0.9903,0.0045,0.0052
chair_018_09.obj,0,0.9417,0.0466,0.0118
chair_019_01.obj,1,0.0285,0.971,0.0005
chair_019_02.obj,1,0.0457,0.9525,0.0019
chair_019_03.obj,1,0.0,1.0,0.0
chair_019_04.obj,1,0.0149,0.9348,0.0503
chair_019_05.obj,1,0.0568,0.8966,0.0467
chair_019_06.obj,1,0.0277,0.9711,0.0012
chair_019_07.obj,1,0.1244,0.8559,0.0196
chair_019_08.obj,1,0.0006,0.9994,0.0
chair_019_09.obj,0,0.7389,0.0023,0.2588
chair_019_10.obj,2,0.6568,0.0024,0.3408
chair_019_11.obj,0,0.9096,0.0002,0.0902
chair_019_12.obj,0,0.9388,0.0003,0.0609
chair_019_13.obj,0,0.985,0.0013,0.0136
chair_019_14.obj,0,0.9477,0.0001,0.0522
chair_023_01.obj,1,0.4341,0.4542,0.1116
chair_023_02.obj,2,0.2113,0.4806,0.308
chair_023_03.obj,0,0.5023,0.3632,0.1346
chair_023_04.obj,1,0.157,0.6386,0.2044
chair_023_05.obj,2,0.3005,0.0007,0.6987
chair_023_06.obj,0,0.9877,0.0,0.0123
chair_023_07.obj,0,0.9995,0.0,0.0005
chair_023_08.obj,0,1.0,0.0,0.0
chair_023_09.obj,0,0.9939,0.0,0.0061
chair_023_10.obj,0,0.659,0.3324,0.0086
chair_026_01.obj,0,0.9857,0.0142,0.0001
chair_026_02.obj,1,0.0837,0.87,0.0463
chair_026_03.obj,1,0.0278,0.9176,0.0546
chair_026_04.obj,0,1.0,0.0,0.0
chair_026_05.obj,0,1.0,0.0,0.0
chair_026_06.obj,0,1.0,0.0,0.0
chair_026_07.obj,0,0.9932,0.0002,0.0066
chair_026_08.obj,1,0.1203,0.8718,0.0078
chair_027_01.obj,0,0.799,0.1809,0.0201
chair_027_02.obj,0,1.0,0.0,0.0
chair_027_03.obj,0,0.9843,0.0065,0.0092
chair_027_04.obj,0,0.6408,0.3221,0.0371
chair_027_05.obj,0,0.9986,0.0003,0.001
chair_027_06.obj,0,0.9884,0.0057,0.006
chair_027_07.obj,0,1.0,0.0,0.0
chair_027_08.obj,0,1.0,0.0,0.0
chair_027_09.obj,0,0.7884,0.1583,0.0533
chair_027_10.obj,0,0.7797,0.13,0.0903
chair_027_11.obj,0,0.7901,0.1136,0.0964
chair_027_12.obj,0,0.9898,0.0072,0.0031
chair_028_01.obj,0,0.999,0.0006,0.0004
chair_028_02.obj,0,0.7499,0.1368,0.1133
chair_028_03.obj,0,0.7862,0.0223,0.1915
chair_028_04.obj,0,0.9992,0.0006,0.0001
chair_028_05.obj,0,0.9999,0.0,0.0
chair_028_06.obj,1,0.1524,0.7327,0.1149
chair_028_07.obj,0,0.9995,0.0002,0.0004
chair_028_08.obj,0,1.0,0.0,0.0
chair_029_01.obj,1,0.3575,0.4865,0.156
chair_029_02.obj,1,0.2267,0.6903,0.083
chair_029_03.obj,0,0.9998,0.0001,0.0001
chair_029_04.obj,0,1.0,0.0,0.0
chair_029_05.obj,0,0.9996,0.0001,0.0003
chair_029_06.obj,0,0.9974,0.0018,0.0008
chair_029_07.obj,0,0.9999,0.0,0.0001
chair_029_08.obj,0,0.9909,0.0067,0.0025
chair_029_09.obj,0,0.9798,0.0069,0.0133
chair_029_10.obj,0,0.9755,0.0069,0.0175
chair_029_11.obj,0,0.8999,0.0338,0.0663
chair_029_12.obj,0,0.9548,0.0166,0.0286
chair_029_13.obj,0,0.9436,0.0163,0.0401
chair_029_14.obj,0,0.7746,0.098,0.1274
chair_032_01.obj,0,1.0,0.0,0.0
chair_032_02.obj,0,1.0,0.0,0.0
chair_032_03.obj,0,0.9999,0.0,0.0001
chair_032_04.obj,0,0.4289,0.3706,0.2005
chair_032_05.obj,0,1.0,0.0,0.0
chair_032_06.obj,0,1.0,0.0,0.0
chair_032_07.obj,0,0.9978,0.0009,0.0013
chair_032_08.obj,0,0.998,0.0015,0.0004
chair_032_09.obj,0,0.9682,0.0284,0.0034
chair_032_10.obj,0,0.9546,0.0292,0.0162
chair_053_01.obj,1,0.1783,0.6298,0.1919
chair_053_02.obj,0,0.4764,0.2771,0.2465
chair_053_03.obj,1,0.3698,0.5662,0.0641
chair_053_04.obj,0,0.7247,0.2607,0.0146
chair_053_05.obj,0,0.9947,0.001,0.0044
chair_053_06.obj,0,0.9958,0.0,0.0042
chair_053_07.obj,0,0.9726,0.0198,0.0076
chair_053_08.obj,0,0.9999,0.0,0.0001
chair_053_09.obj,0,0.9904,0.0041,0.0055
chair_053_10.obj,0,0.7146,0.1122,0.1732
chair_053_11.obj,0,0.7377,0.083,0.1793
chair_053_12.obj,0,0.9025,0.0039,0.0936
chair_053_13.obj,0,0.7554,0.0799,0.1648
chair_053_14.obj,0,0.7026,0.105,0.1925
chair_053_15.obj,0,0.7338,0.0117,0.2545
chair_053_16.obj,1,0.1829,0.6357,0.1814
chair_055_01.obj,0,0.7786,0.2144,0.007
chair_055_02.obj,0,0.6477,0.1599,0.1923
chair_055_03.obj,0,1.0,0.0,0.0
chair_055_04.obj,0,1.0,0.0,0.0
chair_055_05.obj,0,0.9999,0.0,0.0001
chair_055_06.obj,0,1.0,0.0,0.0
chair_064_01.obj,0,0.7873,0.2092,0.0035
chair_064_02.obj,1,0.085,0.7727,0.1422
chair_064_03.obj,0,1.0,0.0,0.0
chair_064_04.obj,0,0.9998,0.0001,0.0001
chair_064_05.obj,0,1.0,0.0,0.0
chair_064_06.obj,0,0.9991,0.0,0.0009
chair_064_07.obj,0,0.9533,0.0071,0.0396
chair_064_08.obj,0,0.9955,0.0,0.0045
chair_066_01.obj,0,1.0,0.0,0.0
chair_066_02.obj,0,1.0,0.0,0.0
chair_066_03.obj,0,0.9998,0.0001,0.0001
chair_066_04.obj,0,0.9998,0.0001,0.0001
chair_066_05.obj,0,0.9997,0.0002,0.0001
chair_066_06.obj,0,0.9998,0.0001,0.0001
chair_066_07.obj,0,0.9999,0.0,0.0
chair_066_08.obj,0,0.9999,0.0,0.0
chair_066_09.obj,0,0.9999,0.0,0.0
chair_066_10.obj,0,0.9999,0.0,0.0
chair_066_11.obj,0,1.0,0.0,0.0
chair_066_12.obj,2,0.1126,0.3926,0.4948
chair_066_13.obj,2,0.1952,0.1677,0.6371
chair_066_14.obj,0,0.7161,0.0009,0.2831
chair_066_15.obj,0,0.9595,0.0078,0.0326
chair_066_16.obj,0,0.6011,0.3029,0.0959
chair_066_17.obj,0,0.6747,0.0865,0.2388
chair_066_18.obj,2,0.6647,0.0091,0.3262
chair_066_19.obj,2,0.3873,0.0154,0.5973
chair_066_20.obj,2,0.5615,0.0854,0.3532
chair_066_21.obj,2,0.5161,0.1124,0.3714
chair_066_22.obj,2,0.5738,0.0801,0.3461
chair_066_23.obj,2,0.4368,0.0252,0.538
chair_076_01.obj,1,0.1757,0.8152,0.009
chair_076_02.obj,1,0.033,0.967,0.0
chair_076_03.obj,1,0.1088,0.7524,0.1389
chair_076_04.obj,0,0.5475,0.4362,0.0163
chair_076_05.obj,1,0.2149,0.7823,0.0028
chair_076_06.obj,1,0.025,0.9749,0.0001
chair_076_07.obj,2,0.6059,0.0737,0.3205
chair_076_08.obj,0,0.76,0.0216,0.2184
chair_076_09.obj,0,0.8856,0.0021,0.1122
chair_076_10.obj,2,0.6622,0.0,0.3378
chair_085_01.obj,0,0.9657,0.0313,0.003
chair_085_02.obj,0,0.9206,0.0719,0.0075
chair_085_03.obj,0,1.0,0.0,0.0
chair_085_04.obj,0,1.0,0.0,0.0
chair_095_01.obj,0,0.9761,0.0236,0.0003
chair_095_02.obj,0,0.9966,0.0006,0.0029
chair_095_03.obj,0,0.9575,0.0031,0.0394
chair_095_04.obj,0,0.9995,0.0,0.0005
chair_124_01.obj,0,0.7005,0.2538,0.0457
chair_124_02.obj,0,1.0,0.0,0.0
chair_124_03.obj,0,0.9999,0.0,0.0
chair_124_04.obj,0,0.9993,0.0004,0.0004
chair_124_05.obj,0,0.9984,0.0011,0.0005
chair_124_06.obj,2,0.0526,0.5688,0.3787
chair_124_07.obj,2,0.0682,0.1759,0.7559
chair_124_08.obj,0,0.7229,0.082,0.1951
chair_124_09.obj,2,0.3297,0.2705,0.3998
chair_124_10.obj,0,0.8722,0.0014,0.1264
chair_124_11.obj,0,0.7233,0.0837,0.193
chair_124_12.obj,0,0.6875,0.2115,0.101
chair_124_13.obj,0,0.4598,0.4276,0.1126
chair_124_14.obj,2,0.4658,0.0537,0.4805
chair_124_15.obj,2,0.1654,0.0,0.8346
chair_124_16.obj,2,0.6486,0.0095,0.3419
chair_124_17.obj,2,0.5706,0.0409,0.3885
chair_124_18.obj,2,0.5488,0.1184,0.3327
chair_138_01.obj,1,0.1517,0.8265,0.0219
chair_138_02.obj,1,0.0833,0.9098,0.0069
chair_138_03.obj,0,1.0,0.0,0.0
chair_138_04.obj,0,1.0,0.0,0.0
chair_138_05.obj,0,0.8992,0.0327,0.068
chair_138_06.obj,0,0.9385,0.0033,0.0582
chair_171_01.obj,0,1.0,0.0,0.0
chair_171_02.obj,0,1.0,0.0,0.0
chair_171_03.obj,0,0.9999,0.0001,0.0001
chair_171_04.obj,0,0.9978,0.0003,0.0019
chair_171_05.obj,0,1.0,0.0,0.0
chair_171_06.obj,1,0.1704,0.8272,0.0024
chair_171_07.obj,0,1.0,0.0,0.0
chair_171_08.obj,0,1.0,0.0,0.0
chair_171_09.obj,0,0.9848,0.0113,0.0039
chair_171_10.obj,0,0.9478,0.0179,0.0343
chair_171_11.obj,0,0.8891,0.087,0.0239
chair_171_12.obj,0,0.9811,0.0172,0.0017
chair_244_01.obj,1,0.1466,0.8192,0.0342
chair_244_02.obj,1,0.4094,0.5704,0.0203
chair_244_03.obj,0,0.8737,0.0713,0.055
chair_244_04.obj,0,1.0,0.0,0.0
chair_244_05.obj,0,1.0,0.0,0.0
chair_244_06.obj,0,1.0,0.0,0.0
chair_244_07.obj,0,0.9991,0.0009,0.0001
chair_244_08.obj,0,0.9949,0.0002,0.0049
chair_244_09.obj,0,0.999,0.0002,0.0008
chair_244_10.obj,0,0.9994,0.0,0.0006
chair_267_01.obj,0,0.8924,0.1066,0.001
chair_267_02.obj,0,0.8604,0.1256,0.014
chair_267_03.obj,0,0.6644,0.3063,0.0294
chair_267_04.obj,1,0.3905,0.5095,0.1
chair_267_05.obj,0,1.0,0.0,0.0
chair_267_06.obj,0,1.0,0.0,0.0
chair_267_07.obj,0,0.9993,0.0003,0.0004
chair_267_08.obj,0,0.9958,0.0006,0.0036
chair_267_09.obj,1,0.1263,0.8408,0.0329
