# Rhino

v 0.193311205046 -0.386294864711 -0.21418393383100001
v 0.193311205046 -0.386294864711 -0.21418393383100001
v 0.193311205046 -0.386294864711 -0.21418393383100001
v 0.22301052684799999 -0.38568412023300003 -0.184608547264
v 0.19348134206699999 -0.38825187517400001 -0.184608547264
v 0.19348134206699999 -0.38825187517400001 -0.184608547264
v 0.19348134206699999 -0.38825187517400001 -0.184608547264
v 0.222840352283 -0.38372710977000002 -0.21418393383100001
v 0.222840352283 -0.38372710977000002 -0.21418393383100001
v 0.222840352283 -0.38372710977000002 -0.21418393383100001
v 0.18355470650700001 0.068057816655499995 -0.1840631603
v 0.18355470650700001 0.068057816655499995 -0.1840631603
v 0.18355470650700001 0.068057816655499995 -0.1840631603
v 0.15402555927 0.065489953032599996 -0.1840631603
v 0.15402555927 0.065489953032599996 -0.1840631603
v 0.15402555927 0.065489953032599996 -0.1840631603
v 0.15419569628999999 0.063533673704600002 -0.15448777373399999
v 0.15419569628999999 0.063533673704600002 -0.15448777373399999
v 0.15419569628999999 0.063533673704600002 -0.15448777373399999
v 0.183724843527 0.066100549307699999 -0.15448777373399999
v 0.183724843527 0.066100549307699999 -0.15448777373399999
v 0.183724843527 0.066100549307699999 -0.15448777373399999
vt -1.1811000108718872 1.1811000108718872
vt 1.1811000108718872 0
vt -1.1811000108718872 0
vt 0 0
vt 0 1.1811000108718872
vt 0 0
vt -1.1811000108718872 0
vt -1.1811000108718872 0
vt 0 0
vt 1.1811000108718872 0
vt 0 18.110200881958008
vt 1.1811000108718872 18.110200881958008
vt 1.1811000108718872 0
vt 1.1811000108718872 18.110200881958008
vt -1.1811000108718872 18.110200881958008
vt 1.1811000108718872 1.1811000108718872
vt 0 18.110200881958008
vt -1.1811000108718872 18.110200881958008
vt 0 1.1811000108718872
vt 0 18.110200881958008
vt 0 18.110200881958008
vt 0 0
vn 0.086439207196235657 -0.99405032396316528 -0.066273853182792664
vn -0.0057414136826992035 0.0660247802734375 -0.99780148267745972
vn -0.99624061584472656 -0.086629554629325867 -1.9844094367726939E-07
vn 0.39353328943252563 -0.67784029245376587 0.62101858854293823
vn 0.086439147591590881 -0.99405032396316528 -0.066273801028728485
vn -0.99624061584472656 -0.086629413068294525 -1.2598922012330149E-06
vn 0.0057412772439420223 -0.066024690866470337 0.99780148267745972
vn 0.086439259350299835 -0.99405032396316528 -0.066273912787437439
vn -0.0057412921451032162 0.0660247802734375 -0.99780148267745972
vn 0.99624061584472656 0.086629614233970642 1.0171371513933991E-06
vn -0.0057414136826992035 0.0660247802734375 -0.99780148267745972
vn 0.99624061584472656 0.086629480123519897 2.0169268282188568E-06
vn -0.086426429450511932 0.99405199289321899 0.066265866160392761
vn -0.0057415347546339035 0.0660247802734375 -0.99780148267745972
vn -0.99624055624008179 -0.086629696190357208 8.6301031387847615E-07
vn -0.086443029344081879 0.99405163526535034 0.066249340772628784
vn -0.99624061584472656 -0.086629554629325867 -1.9844094367726939E-07
vn 0.0057403105311095715 -0.066024839878082275 0.99780148267745972
vn -0.086426429450511932 0.99405199289321899 0.066265866160392761
vn 0.0057393438182771206 -0.066024988889694214 0.99780148267745972
vn 0.99624061584472656 0.086629614233970642 1.0171371513933991E-06
vn -0.086409829556941986 0.99405229091644287 0.066282398998737335
f 1/1/1 4/4/4 5/5/5
f 4/4/4 1/1/1 8/8/8
f 2/2/2 11/11/11 9/9/9
f 11/11/11 2/2/2 14/14/14
f 3/3/3 17/17/17 15/15/15
f 17/17/17 3/3/3 6/6/6
f 4/4/4 18/18/18 7/7/7
f 18/18/18 4/4/4 20/20/20
f 10/10/10 21/21/21 4/4/4
f 21/21/21 10/10/10 12/12/12
f 13/13/13 19/19/19 22/22/22
f 19/19/19 13/13/13 16/16/16
