# Rhino

v -0.22301052684799999 -0.38375589246899999 -0.211620022288
v -0.22301052684799999 -0.38375589246899999 -0.211620022288
v -0.22301052684799999 -0.38375589246899999 -0.211620022288
v -0.19331954195699999 -0.388350143629 -0.18238945465299999
v -0.222840587432 -0.38571290125199997 -0.18204463572099999
v -0.222840587432 -0.38571290125199997 -0.18204463572099999
v -0.222840587432 -0.38571290125199997 -0.18204463572099999
v -0.19348948137399999 -0.38639313316700002 -0.21196484122000001
v -0.19348948137399999 -0.38639313316700002 -0.21196484122000001
v -0.19348948137399999 -0.38639313316700002 -0.21196484122000001
v -0.15279195521399999 0.065298277179299993 -0.182310413064
v -0.15279195521399999 0.065298277179299993 -0.182310413064
v -0.15279195521399999 0.065298277179299993 -0.182310413064
v -0.182313000689 0.067935302192500005 -0.18196658215200001
v -0.182313000689 0.067935302192500005 -0.18196658215200001
v -0.182313000689 0.067935302192500005 -0.18196658215200001
v -0.182143061272 0.065978034844699995 -0.152390207566
v -0.182143061272 0.065978034844699995 -0.152390207566
v -0.182143061272 0.065978034844699995 -0.152390207566
v -0.152622015798 0.063341009831499998 -0.152735026498
v -0.152622015798 0.063341009831499998 -0.152735026498
v -0.152622015798 0.063341009831499998 -0.152735026498
vt -1.1811000108718872 1.1811000108718872
vt 1.1811000108718872 0
vt -1.1811000108718872 0
vt 0 0
vt 0 1.1811000108718872
vt 0 0
vt -1.1811000108718872 0
vt -1.1811000108718872 0
vt 0 0
vt 1.1811000108718872 0
vt 0 18.110200881958008
vt 1.1811000108718872 18.110200881958008
vt 1.1811000108718872 0
vt 1.1811000108718872 18.110200881958008
vt -1.1811000108718872 18.110200881958008
vt 1.1811000108718872 1.1811000108718872
vt 0 18.110200881958008
vt -1.1811000108718872 18.110200881958008
vt 0 1.1811000108718872
vt 0 18.110200881958008
vt 0 18.110200881958008
vt 0 0
vn -0.08954639732837677 -0.99384307861328125 -0.065248280763626099
vn -0.0057401275262236595 0.066023737192153931 -0.99780154228210449
vn -0.99596619606018066 0.088974669575691223 0.01161046139895916
vn 0.27612754702568054 -0.73623430728912354 0.61782896518707275
vn -0.089546419680118561 -0.99384307861328125 -0.065248250961303711
vn -0.99596619606018066 0.088974699378013611 0.011610268615186214
vn 0.0057563451118767262 -0.06602632999420166 0.99780130386352539
vn -0.089546367526054382 -0.99384307861328125 -0.065248303115367889
vn -0.0057563553564250469 0.066026262938976288 -0.99780130386352539
vn 0.99596619606018066 -0.088974609971046448 -0.011610654182732105
vn -0.0057401275262236595 0.066023737192153931 -0.99780154228210449
vn 0.99596619606018066 -0.088974557816982269 -0.011611036956310272
vn 0.089538127183914185 0.99384331703186035 0.065255910158157349
vn -0.0057238992303609848 0.06602121889591217 -0.99780178070068359
vn -0.99596619606018066 0.088974647223949432 0.01161065511405468
vn 0.089537031948566437 0.99384349584579468 0.065254837274551392
vn -0.99596619606018066 0.088974669575691223 0.01161046139895916
vn 0.0057565877214074135 -0.066026337444782257 0.99780130386352539
vn 0.089538127183914185 0.99384331703186035 0.065255910158157349
vn 0.0057568303309381008 -0.066026344895362854 0.99780124425888062
vn 0.99596619606018066 -0.088974609971046448 -0.011610654182732105
vn 0.089539214968681335 0.9938431978225708 0.065256983041763306
f 1/1/1 4/4/4 5/5/5
f 4/4/4 1/1/1 8/8/8
f 2/2/2 11/11/11 9/9/9
f 11/11/11 2/2/2 14/14/14
f 3/3/3 17/17/17 15/15/15
f 17/17/17 3/3/3 6/6/6
f 4/4/4 18/18/18 7/7/7
f 18/18/18 4/4/4 20/20/20
f 10/10/10 21/21/21 4/4/4
f 21/21/21 10/10/10 12/12/12
f 13/13/13 19/19/19 22/22/22
f 19/19/19 13/13/13 16/16/16
