# Rhino

v -0.22284355149099999 -0.38567459572200002 0.198329969513
v -0.22284355149099999 -0.38567459572200002 0.198329969513
v -0.22284355149099999 -0.38567459572200002 0.198329969513
v -0.19348948137399999 -0.38639050503400002 0.22824588700500001
v -0.22301052684799999 -0.383752862212 0.22790772732699999
v -0.22301052684799999 -0.383752862212 0.22790772732699999
v -0.22301052684799999 -0.383752862212 0.22790772732699999
v -0.19332250601699999 -0.38831224318699997 0.19866816871099999
v -0.19332250601699999 -0.38831224318699997 0.19866816871099999
v -0.19332250601699999 -0.38831224318699997 0.19866816871099999
v -0.165653009766 0.24916778558700001 0.15740589039799999
v -0.165653009766 0.24916778558700001 0.15740589039799999
v -0.165653009766 0.24916778558700001 0.15740589039799999
v -0.136131964291 0.246530760574 0.15774408959700001
v -0.136131964291 0.246530760574 0.15774408959700001
v -0.136131964291 0.246530760574 0.15774408959700001
v -0.158507650119 0.32999966658500002 0.16408006337200001
v -0.158507650119 0.32999966658500002 0.16408006337200001
v -0.158507650119 0.32999966658500002 0.16408006337200001
v -0.128986604645 0.32736264157200001 0.16441826257100001
v -0.128986604645 0.32736264157200001 0.16441826257100001
v -0.128986604645 0.32736264157200001 0.16441826257100001
v -0.158607440125 0.33115268576500001 0.181822627658
v -0.158607440125 0.33115268576500001 0.181822627658
v -0.158607440125 0.33115268576500001 0.181822627658
v -0.129086394651 0.32851467273099999 0.182160728055
v -0.129086394651 0.32851467273099999 0.182160728055
v -0.129086394651 0.32851467273099999 0.182160728055
vt -1.1811000108718872 1.1811000108718872
vt 1.1811000108718872 0
vt -1.1811000108718872 0
vt 0 0
vt 0 1.1811000108718872
vt -1.1811000108718872 0
vt 0 0
vt -1.1811000108718872 0
vt 0 0
vt 1.1811000108718872 0
vt 1.1811000108718872 25.45159912109375
vt 1.1811000108718872 25.008100509643555
vt -1.1811000108718872 25.45159912109375
vt 0 25.45159912109375
vt 0 25.008100509643555
vt 1.1811000108718872 25.45159912109375
vt 1.1811000108718872 28.252500534057617
vt 0.70849698781967163 1.1811000108718872
vt -0.70849698781967163 28.661399841308594
vt 0 28.252500534057617
vt 0.70849698781967163 0
vt 0.70849698781967163 28.661399841308594
vt 0 1.1811000108718872
vt -1.1811000108718872 28.661399841308594
vt 0 28.661399841308594
vt 0 0
vt 0 28.661399841308594
vt 0 28.661399841308594
vn -0.089538730680942535 -0.99392032623291016 0.064071886241436005
vn 0.0056390659883618355 -0.064834713935852051 -0.99788010120391846
vn -0.99596744775772095 0.088987693190574646 -0.011404950171709061
vn 0.26853922009468079 -0.64905357360839844 0.71176975965499878
vn -0.089538611471652985 -0.99392032623291016 0.064071767032146454
vn -0.0056377658620476723 0.064834430813789368 0.99788010120391846
vn -0.99596744775772095 0.088987715542316437 -0.011404268443584442
vn -0.089538849890232086 -0.99392032623291016 0.064072005450725555
vn 0.0056397467851638794 -0.064834743738174438 -0.99788010120391846
vn 0.99596744775772095 -0.088987775146961212 0.011403384618461132
vn 0.0056397467851638794 -0.064834743738174438 -0.99788010120391846
vn 0.018620170652866364 0.08063933253288269 -0.99656939506530762
vn -0.9959678053855896 0.088984519243240356 -0.011394916102290154
vn 0.0056404275819659233 -0.064834773540496826 -0.99788010120391846
vn 0.018620170652866364 0.08063933253288269 -0.99656939506530762
vn 0.99596786499023438 -0.088984385132789612 0.011390876024961472
vn 0.018620170652866364 0.08063933253288269 -0.99656939506530762
vn 0.089518152177333832 0.99392116069793701 -0.064087532460689545
vn -0.99596822261810303 0.088981367647647858 -0.011384200304746628
vn 0.018620170652866364 0.08063933253288269 -0.99656939506530762
vn 0.089534386992454529 0.99392145872116089 -0.064059965312480927
vn 0.99596834182739258 -0.088980972766876221 0.011379282921552658
vn 0.089534386992454529 0.99392145872116089 -0.064059965312480927
vn -0.0056363637559115887 0.064834363758563995 0.99788010120391846
vn -0.99596768617630005 0.088985584676265717 -0.011398033238947392
vn 0.089550621807575226 0.99392181634902954 -0.064032398164272308
vn -0.0056349616497755051 0.064834296703338623 0.99788016080856323
vn 0.99596774578094482 -0.08898550271987915 0.011395350098609924
f 1/1/1 4/4/4 5/5/5
f 4/4/4 1/1/1 8/8/8
f 11/11/11 9/9/9 2/2/2
f 9/9/9 11/11/11 14/14/14
f 17/17/17 15/15/15 12/12/12
f 15/15/15 17/17/17 20/20/20
f 23/23/23 21/21/21 18/18/18
f 21/21/21 23/23/23 26/26/26
f 24/24/24 4/4/4 27/27/27
f 4/4/4 24/24/24 6/6/6
f 25/25/25 3/3/3 7/7/7
f 3/3/3 25/25/25 13/13/13
f 13/13/13 25/25/25 19/19/19
f 10/10/10 28/28/28 4/4/4
f 28/28/28 10/10/10 16/16/16
f 28/28/28 16/16/16 22/22/22
