# Rhino

v 0.16048572714199999 0.053122908412599999 0.197132588241
v 0.16048572714199999 0.053122908412599999 0.197132588241
v 0.16048572714199999 0.053122908412599999 0.197132588241
v 0.18017686420099999 0.066981863025099994 -0.15235562687099999
v 0.16048572714199999 0.065328905795000003 -0.15241293202199999
v 0.16048572714199999 0.065328905795000003 -0.15241293202199999
v 0.16048572714199999 0.065328905795000003 -0.15241293202199999
v 0.18017686420099999 0.054775865642699997 0.19719028860099999
v 0.18017686420099999 0.054775865642699997 0.19719028860099999
v 0.18017686420099999 0.054775865642699997 0.19719028860099999
v 0.18431064050400001 0.0055774165852000004 0.195472319664
v 0.18431064050400001 0.0055774165852000004 0.195472319664
v 0.18431064050400001 0.0055774165852000004 0.195472319664
v 0.16461950344500001 0.0039254473749500002 0.195414619304
v 0.16461950344500001 0.0039254473749500002 0.195414619304
v 0.16461950344500001 0.0039254473749500002 0.195414619304
v 0.16461950344500001 0.016131444757399999 -0.15413109856400001
v 0.16461950344500001 0.016131444757399999 -0.15413109856400001
v 0.16461950344500001 0.016131444757399999 -0.15413109856400001
v 0.18431064050400001 0.0177844019874 -0.154073793411
v 0.18431064050400001 0.0177844019874 -0.154073793411
v 0.18431064050400001 0.0177844019874 -0.154073793411
vt 0.78740197420120239 13.937000274658203
vt 0.78740197420120239 0
vt 0 13.937000274658203
vt 0 0
vt 0.78740197420120239 0
vt 0 0
vt -0.78740197420120239 0
vt 0 13.937000274658203
vt 0 0
vt 0 13.937000274658203
vt 0 1.968500018119812
vt -1.968500018119812 13.937000274658203
vt 0 13.937000274658203
vt 0.78740197420120239 1.968500018119812
vt 1.968500018119812 13.937000274658203
vt -0.78740197420120239 13.937000274658203
vt 1.968500018119812 0
vt -0.78740197420120239 1.968500018119812
vt -0.78740197420120239 0
vt 0 1.968500018119812
vt -1.968500018119812 0
vt 0 0
vn -0.083700269460678101 0.9958840012550354 0.034775875508785248
vn 1.4418765204027295E-07 -0.034898236393928528 0.99939090013504028
vn -0.99649280309677124 -0.083627507090568542 -0.0029202401638031006
vn 0.27635201811790466 0.71507114171981812 -0.64210808277130127
vn -0.083699919283390045 0.9958840012550354 0.03477589413523674
vn -0.99649280309677124 -0.083627507090568542 -0.0029202408622950315
vn -2.1295089027262293E-05 0.03490082174539566 -0.99939078092575073
vn -0.083700612187385559 0.99588394165039062 0.034775853157043457
vn 9.8438079021434532E-07 -0.034897815436124802 0.99939090013504028
vn 0.99649286270141602 0.083626672625541687 0.0029203258454799652
vn 1.4418765204027295E-07 -0.034898236393928528 0.99939090013504028
vn 0.99649292230606079 0.083625845611095428 0.0029204143211245537
vn 0.083650991320610046 -0.99588799476623535 -0.034778788685798645
vn -6.9600548613379942E-07 -0.034898657351732254 0.99939084053039551
vn -0.99649280309677124 -0.083627514541149139 -0.0029202396981418133
vn 0.083675466477870941 -0.99588602781295776 -0.034777328372001648
vn -0.99649280309677124 -0.083627507090568542 -0.0029202401638031006
vn -2.129503627656959E-05 0.03490082174539566 -0.99939078092575073
vn 0.083699919283390045 -0.9958840012550354 -0.034775871783494949
vn -2.1294985344866291E-05 0.03490082174539566 -0.99939078092575073
vn 0.99649286270141602 0.083626672625541687 0.0029203258454799652
vn 0.083675466477870941 -0.99588602781295776 -0.034777328372001648
f 1/1/1 4/4/4 5/5/5
f 4/4/4 1/1/1 8/8/8
f 2/2/2 11/11/11 9/9/9
f 11/11/11 2/2/2 14/14/14
f 3/3/3 17/17/17 15/15/15
f 17/17/17 3/3/3 6/6/6
f 4/4/4 18/18/18 7/7/7
f 18/18/18 4/4/4 20/20/20
f 10/10/10 21/21/21 4/4/4
f 21/21/21 10/10/10 12/12/12
f 16/16/16 22/22/22 13/13/13
f 22/22/22 16/16/16 19/19/19
