# Rhino

v 0.19347827920499999 -0.38821659298400002 0.20084724651800001
v 0.19347827920499999 -0.38821659298400002 0.20084724651800001
v 0.19347827920499999 -0.38821659298400002 0.20084724651800001
v 0.222840352283 -0.38372710977000002 0.23042500433300001
v 0.193311205046 -0.386294864711 0.23042500433300001
v 0.193311205046 -0.386294864711 0.23042500433300001
v 0.193311205046 -0.386294864711 0.23042500433300001
v 0.22300745904700001 -0.38564883804400002 0.20084724651800001
v 0.22300745904700001 -0.38564883804400002 0.20084724651800001
v 0.22300745904700001 -0.38564883804400002 0.20084724651800001
v 0.138262986788 0.24675899316200001 0.15927947246400001
v 0.138262986788 0.24675899316200001 0.15927947246400001
v 0.138262986788 0.24675899316200001 0.15927947246400001
v 0.16779213402500001 0.249326856785 0.15927947246400001
v 0.16779213402500001 0.249326856785 0.15927947246400001
v 0.16779213402500001 0.249326856785 0.15927947246400001
v 0.13123273145600001 0.32760767049700001 0.165872430204
v 0.13123273145600001 0.32760767049700001 0.165872430204
v 0.13123273145600001 0.32760767049700001 0.165872430204
v 0.16076187869299999 0.33017553412 0.165872430204
v 0.16076187869299999 0.33017553412 0.165872430204
v 0.16076187869299999 0.33017553412 0.165872430204
v 0.13113244743999999 0.32876068967700001 0.18361499449099999
v 0.13113244743999999 0.32876068967700001 0.18361499449099999
v 0.13113244743999999 0.32876068967700001 0.18361499449099999
v 0.160661594677 0.33132855329999999 0.18361499449099999
v 0.160661594677 0.33132855329999999 0.18361499449099999
v 0.160661594677 0.33132855329999999 0.18361499449099999
vt -1.1811000108718872 1.1811000108718872
vt 1.1811000108718872 0
vt -1.1811000108718872 0
vt 0 0
vt 0 1.1811000108718872
vt -1.1811000108718872 0
vt 0 0
vt -1.1811000108718872 0
vt 0 0
vt 1.1811000108718872 0
vt 1.1811000108718872 25.45159912109375
vt 1.1811000108718872 25.008100509643555
vt -1.1811000108718872 25.45159912109375
vt 0 25.45159912109375
vt 0 25.008100509643555
vt 1.1811000108718872 25.45159912109375
vt 1.1811000108718872 28.252500534057617
vt 0.70849698781967163 1.1811000108718872
vt -0.70849698781967163 28.661399841308594
vt 0 28.252500534057617
vt 0.70849698781967163 0
vt 0.70849698781967163 28.661399841308594
vt 0 1.1811000108718872
vt -1.1811000108718872 28.661399841308594
vt 0 28.661399841308594
vt 0 0
vt 0 28.661399841308594
vt 0 28.661399841308594
vn 0.086446024477481842 -0.99412864446640015 0.065078951418399811
vn 0.005637788213789463 -0.064834557473659515 -0.99788010120391846
vn -0.99624061584472656 -0.086629554629325867 1.3205899449530989E-06
vn 0.38595229387283325 -0.59065300226211548 0.70863944292068481
vn 0.086446069180965424 -0.99412864446640015 0.065078906714916229
vn -0.0056377840228378773 0.064834438264369965 0.99788010120391846
vn -0.99624061584472656 -0.086629562079906464 1.0962125998048577E-06
vn 0.08644597977399826 -0.99412864446640015 0.065078996121883392
vn 0.0056379092857241631 -0.064834542572498322 -0.99788010120391846
vn 0.99624061584472656 0.086629599332809448 -8.2353329844409018E-07
vn 0.0056379092857241631 -0.064834542572498322 -0.99788010120391846
vn -0.007015010342001915 0.080669112503528595 -0.99671626091003418
vn -0.99624061584472656 -0.086629137396812439 1.4032480066816788E-07
vn 0.0056380303576588631 -0.064834527671337128 -0.99788010120391846
vn -0.007015010342001915 0.080669112503528595 -0.99671626091003418
vn 0.99624061584472656 0.086629152297973633 -1.9046916577281081E-07
vn -0.007015010342001915 0.080669112503528595 -0.99671626091003418
vn -0.086449623107910156 0.99412745237350464 -0.065093040466308594
vn -0.99624067544937134 -0.086628727614879608 -1.264317802451842E-06
vn -0.007015010342001915 0.080669112503528595 -0.99671626091003418
vn -0.086449623107910156 0.99412745237350464 -0.065093040466308594
vn 0.99624067544937134 0.086628727614879608 1.264317802451842E-06
vn -0.086449623107910156 0.99412745237350464 -0.065093040466308594
vn -0.0056379018351435661 0.064834423363208771 0.99788010120391846
vn -0.99624061584472656 -0.086629278957843781 4.5895407652096765E-07
vn -0.086449623107910156 0.99412745237350464 -0.065093040466308594
vn -0.0056380201131105423 0.064834408462047577 0.99788010120391846
vn 0.99624061584472656 0.086629308760166168 -1.2758292200487631E-07
f 1/1/1 4/4/4 5/5/5
f 4/4/4 1/1/1 8/8/8
f 11/11/11 9/9/9 2/2/2
f 9/9/9 11/11/11 14/14/14
f 17/17/17 15/15/15 12/12/12
f 15/15/15 17/17/17 20/20/20
f 23/23/23 21/21/21 18/18/18
f 21/21/21 23/23/23 26/26/26
f 24/24/24 4/4/4 27/27/27
f 4/4/4 24/24/24 6/6/6
f 25/25/25 3/3/3 7/7/7
f 3/3/3 25/25/25 13/13/13
f 13/13/13 25/25/25 19/19/19
f 10/10/10 28/28/28 4/4/4
f 28/28/28 10/10/10 16/16/16
f 28/28/28 16/16/16 22/22/22
