# Rhino

v -0.17720296195900001 0.053772037462299999 0.19715531269799999
v -0.17720296195900001 0.053772037462299999 0.19715531269799999
v -0.17720296195900001 0.053772037462299999 0.19715531269799999
v -0.157523582336 0.064187742853700006 -0.15245344083699999
v -0.17720296195900001 0.065978034844699995 -0.152390207566
v -0.17720296195900001 0.065978034844699995 -0.152390207566
v -0.17720296195900001 0.065978034844699995 -0.152390207566
v -0.157523582336 0.051981745471300002 0.19709277104
v -0.157523582336 0.051981745471300002 0.19709277104
v -0.157523582336 0.051981745471300002 0.19709277104
v -0.16200128835300001 0.0028139250295399999 0.19537579012299999
v -0.16200128835300001 0.0028139250295399999 0.19537579012299999
v -0.16200128835300001 0.0028139250295399999 0.19537579012299999
v -0.181680667977 0.0046042170205499999 0.19543833178
v -0.181680667977 0.0046042170205499999 0.19543833178
v -0.181680667977 0.0046042170205499999 0.19543833178
v -0.181680667977 0.016810214402999998 -0.154107386086
v -0.181680667977 0.016810214402999998 -0.154107386086
v -0.181680667977 0.016810214402999998 -0.154107386086
v -0.16200128835300001 0.0150209104318 -0.154170619358
v -0.16200128835300001 0.0150209104318 -0.154170619358
v -0.16200128835300001 0.0150209104318 -0.154170619358
vt 0.78740197420120239 13.937000274658203
vt 0.78740197420120239 0
vt 0 13.937000274658203
vt 0 0
vt 0.78740197420120239 0
vt 0 0
vt -0.78740197420120239 0
vt 0 13.937000274658203
vt 0 0
vt 0 13.937000274658203
vt 0 1.968500018119812
vt -1.968500018119812 13.937000274658203
vt 0 13.937000274658203
vt 0.78740197420120239 1.968500018119812
vt 1.968500018119812 13.937000274658203
vt -0.78740197420120239 13.937000274658203
vt 1.968500018119812 0
vt -0.78740197420120239 1.968500018119812
vt -0.78740197420120239 0
vt 0 1.968500018119812
vt -1.968500018119812 0
vt 0 0
vn 0.090654276311397552 0.99527579545974731 0.034754619002342224
vn 1.1675854239001637E-06 -0.03489965945482254 0.99939084053039551
vn -0.9958837628364563 0.090584516525268555 0.0031631761230528355
vn 0.39237421751022339 0.65659517049789429 -0.64414691925048828
vn 0.090654879808425903 0.99527573585510254 0.03475465252995491
vn -0.9958837628364563 0.090584509074687958 0.0031631768215447664
vn -3.5639252018881962E-05 0.034906808286905289 -0.99939054250717163
vn 0.090653672814369202 0.99527585506439209 0.034754589200019836
vn 1.1676115718728397E-06 -0.03489965945482254 0.99939084053039551
vn 0.99588364362716675 -0.090585410594940186 -0.0031633290927857161
vn 1.1675854239001637E-06 -0.03489965945482254 0.99939084053039551
vn 0.9958837628364563 -0.090584516525268555 -0.0031634250190109015
vn -0.090653672814369202 -0.99527573585510254 -0.034757379442453384
vn 1.1675593896143255E-06 -0.03489965945482254 0.99939084053039551
vn -0.9958837628364563 0.090584523975849152 0.0031631754245609045
vn -0.090629503130912781 -0.995278000831604 -0.034756086766719818
vn -0.9958837628364563 0.090584516525268555 0.0031631761230528355
vn -3.6476714740274474E-05 0.034907236695289612 -0.99939054250717163
vn -0.090605325996875763 -0.99528026580810547 -0.034754790365695953
vn -3.7314177461666986E-05 0.034907661378383636 -0.99939054250717163
vn 0.99588364362716675 -0.090585410594940186 -0.0031633290927857161
vn -0.090629503130912781 -0.995278000831604 -0.034756086766719818
f 1/1/1 4/4/4 5/5/5
f 4/4/4 1/1/1 8/8/8
f 2/2/2 11/11/11 9/9/9
f 11/11/11 2/2/2 14/14/14
f 3/3/3 17/17/17 15/15/15
f 17/17/17 3/3/3 6/6/6
f 4/4/4 18/18/18 7/7/7
f 18/18/18 4/4/4 20/20/20
f 10/10/10 21/21/21 4/4/4
f 21/21/21 10/10/10 12/12/12
f 16/16/16 22/22/22 13/13/13
f 22/22/22 16/16/16 19/19/19
